25620516;41.14996;-8.614044;-0.1503434;0.7182022
25620518;41.14993;-8.614813;-0.1503568;0.7182017
25620570;41.15299;-8.612018;-0.1503081;0.7182552
25620653;41.1536;-8.611996;-0.1503077;0.7182658
25620692;41.14837;-8.61437;-0.1503491;0.7181746
25620737;41.14795;-8.612149;-0.1503104;0.7181672
25620759;41.1488;-8.612135;-0.1503101;0.718182
25620947;41.14717;-8.612186;-0.150311;0.7181537
25620960;41.14599;-8.612215;-0.1503115;0.718133
25632224;41.15007;-8.617771;-0.1504085;0.7182041
25632225;41.15158;-8.617634;-0.1504061;0.7182306
25632226;41.15071;-8.621094;-0.1504665;0.7182155
25632227;41.15166;-8.621317;-0.1504704;0.7182319
25632228;41.15023;-8.623086;-0.1505012;0.7182069
25632229;41.14937;-8.622926;-0.1504984;0.718192
25632230;41.14964;-8.620875;-0.1504627;0.7181967
25632231;41.15067;-8.623184;-0.1505029;0.7182146
25632278;41.15249;-8.618065;-0.1504136;0.7182465
25632279;41.15224;-8.617943;-0.1504115;0.7182422
25632283;41.15501;-8.619042;-0.1504307;0.7182905
25632284;41.1552;-8.61888;-0.1504278;0.7182937
25632285;41.15416;-8.61333;-0.150331;0.7182757
25632292;41.15287;-8.613593;-0.1503356;0.7182531
25632293;41.15375;-8.613284;-0.1503302;0.7182684
25632361;41.1526;-8.620778;-0.150461;0.7182484
25632364;41.15358;-8.62107;-0.1504661;0.7182655
25632365;41.15073;-8.614271;-0.1503474;0.7182157
25632366;41.15168;-8.613873;-0.1503405;0.7182323
25632367;41.14916;-8.614964;-0.1503595;0.7181883
25632368;41.14859;-8.615614;-0.1503708;0.7181784
25632370;41.14777;-8.620502;-0.1504561;0.7181641
25632372;41.15292;-8.624072;-0.1505184;0.7182539
25632373;41.15525;-8.613317;-0.1503308;0.7182947
25632374;41.15522;-8.611936;-0.1503066;0.7182941
25632375;41.15519;-8.610033;-0.1502734;0.7182936
25632376;41.15185;-8.610143;-0.1502753;0.7182353
25632398;41.15092;-8.606738;-0.1502159;0.7182191
25632399;41.15111;-8.607389;-0.1502273;0.7182223
25632400;41.15023;-8.60775;-0.1502336;0.7182069
25632401;41.15049;-8.608911;-0.1502538;0.7182115
25632402;41.15016;-8.609421;-0.1502627;0.7182058
25632403;41.14964;-8.609517;-0.1502644;0.7181967
25632404;41.14922;-8.6095;-0.1502641;0.7181893
25632409;41.14978;-8.605782;-0.1501992;0.7181992
25632410;41.15096;-8.605365;-0.1501919;0.7182197
25632411;41.15094;-8.604254;-0.1501726;0.7182193
25632412;41.14939;-8.60411;-0.15017;0.7181924
25632413;41.1514;-8.604291;-0.1501732;0.7182274
25632414;41.15185;-8.605035;-0.1501862;0.7182353
25632416;41.15231;-8.606874;-0.1502183;0.7182432
25632417;41.15117;-8.608475;-0.1502462;0.7182233
25632419;41.1509;-8.609983;-0.1502726;0.7182187
25632421;41.14981;-8.610211;-0.1502765;0.7181997
25632422;41.1492;-8.61045;-0.1502807;0.7181891
25632423;41.15101;-8.602248;-0.1501376;0.7182206
25632424;41.15095;-8.603686;-0.1501627;0.7182196
25632425;41.15326;-8.603552;-0.1501603;0.7182599
25632426;41.15328;-8.602427;-0.1501407;0.7182603
25632427;41.15328;-8.600797;-0.1501122;0.7182602
25632428;41.15104;-8.601166;-0.1501187;0.7182212
25632429;41.15108;-8.600131;-0.1501006;0.7182218
25632432;41.14899;-8.602106;-0.1501351;0.7181854
25632433;41.1492;-8.603171;-0.1501537;0.7181889
25632438;41.14896;-8.601921;-0.1501319;0.7181848
25632445;41.15228;-8.60487;-0.1501833;0.7182428
25632446;41.15363;-8.604746;-0.1501811;0.7182663
25632447;41.15482;-8.604693;-0.1501802;0.7182871
25632448;41.15469;-8.603827;-0.1501651;0.7182849
25632449;41.15457;-8.603043;-0.1501514;0.7182827
25632450;41.15509;-8.605544;-0.1501951;0.7182919
25632451;41.15479;-8.605799;-0.1501995;0.7182866
25632452;41.15442;-8.605941;-0.150202;0.7182801
25632453;41.15389;-8.606207;-0.1502066;0.7182709
25632454;41.15355;-8.606226;-0.150207;0.7182649
25632463;41.15563;-8.602601;-0.1501437;0.7183013
122452427;41.16271;-8.611149;-0.1502929;0.7184249
126617351;41.16035;-8.604461;-0.1501762;0.7183836
126617352;41.15989;-8.602766;-0.1501466;0.7183756
126617354;41.15944;-8.601078;-0.1501171;0.7183678
126617428;41.16172;-8.611365;-0.1502967;0.7184076
126617433;41.16057;-8.605234;-0.1501897;0.7183875
128560274;41.15781;-8.612411;-0.1503149;0.7183392
128560275;41.15734;-8.612667;-0.1503194;0.7183312
128560448;41.16499;-8.610975;-0.1502899;0.7184646
128560449;41.16299;-8.611096;-0.150292;0.7184298
129533454;41.15207;-8.608223;-0.1502418;0.7182392
129545993;41.15148;-8.609498;-0.1502641;0.7182288
129545994;41.15157;-8.609549;-0.150265;0.7182304
129548927;41.15725;-8.609984;-0.1502726;0.7183296
129548929;41.15873;-8.609954;-0.150272;0.7183554
129548930;41.16044;-8.609984;-0.1502726;0.7183852
129549145;41.15606;-8.617957;-0.1504117;0.7183087
129549521;41.15663;-8.613096;-0.1503269;0.7183186
129549662;41.15663;-8.611903;-0.1503061;0.7183186
129550139;41.15516;-8.607655;-0.1502319;0.718293
129550744;41.15412;-8.607767;-0.1502339;0.7182748
129550745;41.15452;-8.607707;-0.1502328;0.7182819
129550851;41.15357;-8.607933;-0.1502368;0.7182654
129552044;41.15544;-8.607664;-0.1502321;0.7182979
129552045;41.1568;-8.607696;-0.1502326;0.7183217
129552046;41.15761;-8.607176;-0.1502236;0.7183359
129552048;41.15917;-8.60614;-0.1502055;0.718363
129552512;41.15519;-8.605959;-0.1502023;0.7182936
129553875;41.14764;-8.603931;-0.1501669;0.7181618
129554083;41.14653;-8.603822;-0.150165;0.7181425
129555296;41.14869;-8.600589;-0.1501086;0.7181801
129953504;41.15653;-8.620802;-0.1504614;0.718317
129953505;41.15629;-8.619358;-0.1504362;0.7183128
137982073;41.15557;-8.620905;-0.1504632;0.7183003
137982795;41.15524;-8.619098;-0.1504316;0.7182944
137992807;41.16012;-8.607918;-0.1502365;0.7183796
137992808;41.15734;-8.609188;-0.1502587;0.7183312
137993129;41.16023;-8.608665;-0.1502496;0.7183816
137993249;41.16068;-8.611591;-0.1503006;0.7183893
137994581;41.15749;-8.608109;-0.1502399;0.7183338
137994583;41.15707;-8.611413;-0.1502975;0.7183263
137994655;41.15835;-8.606686;-0.150215;0.7183487
137994720;41.15899;-8.608417;-0.1502452;0.7183599
137994933;41.15867;-8.607525;-0.1502296;0.7183543
137996370;41.15491;-8.604693;-0.1501802;0.7182887
138197779;41.15716;-8.601985;-0.150133;0.718328
138198390;41.15925;-8.603192;-0.150154;0.7183645
138198392;41.15728;-8.602503;-0.150142;0.71833
138208399;41.15905;-8.620139;-0.1504498;0.7183609
138208401;41.15864;-8.619913;-0.1504459;0.7183537
280197437;41.1568;-8.609246;-0.1502597;0.7183217
286969224;41.14929;-8.611199;-0.1502938;0.7181906
335561055;41.15594;-8.620836;-0.150462;0.7183067
335561064;41.15552;-8.619182;-0.1504331;0.7182993
343646798;41.15137;-8.615371;-0.1503666;0.7182269
343646801;41.14917;-8.617542;-0.1504045;0.7181886
343646840;41.15936;-8.613678;-0.150337;0.7183663
343646841;41.15917;-8.614017;-0.150343;0.718363
345295625;41.15012;-8.614793;-0.1503565;0.7182051
345296263;41.15111;-8.615221;-0.150364;0.7182223
349907649;41.16036;-8.609921;-0.1502715;0.7183838
349907698;41.15884;-8.610708;-0.1502852;0.7183573
349907807;41.16454;-8.611;-0.1502903;0.7184567
353286182;41.15594;-8.61726;-0.1503996;0.7183067
353287405;41.15875;-8.604535;-0.1501775;0.7183557
411909880;41.15454;-8.602531;-0.1501425;0.7182822
428217533;41.15923;-8.620306;-0.1504527;0.7183641
428217535;41.15898;-8.621011;-0.150465;0.7183596
428217536;41.15886;-8.621706;-0.1504772;0.7183577
428217537;41.15891;-8.622172;-0.1504853;0.7183584
428217538;41.15899;-8.62251;-0.1504912;0.7183598
428217539;41.1591;-8.622787;-0.150496;0.7183617
428217540;41.15939;-8.623222;-0.1505036;0.7183669
452518383;41.1602;-8.604479;-0.1501765;0.718381
452518414;41.1588;-8.602926;-0.1501494;0.7183565
452518418;41.16003;-8.604252;-0.1501725;0.7183781
452682212;41.15345;-8.606767;-0.1502164;0.7182632
452682218;41.15327;-8.606329;-0.1502088;0.7182601
452682221;41.15319;-8.606236;-0.1502072;0.7182586
452682225;41.15298;-8.606138;-0.1502054;0.7182551
452682227;41.1529;-8.606132;-0.1502053;0.7182536
452682230;41.1528;-8.60615;-0.1502056;0.7182518
452682234;41.15271;-8.606184;-0.1502063;0.7182502
452682238;41.15263;-8.606242;-0.1502073;0.718249
452682240;41.15254;-8.606347;-0.1502091;0.7182473
452682249;41.15226;-8.61004;-0.1502735;0.7182425
452682253;41.154;-8.609887;-0.1502709;0.7182728
452682256;41.15418;-8.609731;-0.1502682;0.718276
452682258;41.15459;-8.609344;-0.1502614;0.7182831
452682261;41.15476;-8.609274;-0.1502602;0.718286
452682265;41.15168;-8.609661;-0.1502669;0.7182324
452682268;41.15389;-8.61006;-0.1502739;0.7182708
452682270;41.15315;-8.610026;-0.1502733;0.718258
452682274;41.15372;-8.60997;-0.1502723;0.7182679
452682277;41.15387;-8.609948;-0.1502719;0.7182705
452682279;41.15358;-8.611294;-0.1502954;0.7182654
452682282;41.15355;-8.608704;-0.1502502;0.7182649
452682285;41.1536;-8.608993;-0.1502553;0.7182658
452682286;41.15364;-8.609977;-0.1502724;0.7182665
452682289;41.15363;-8.610058;-0.1502739;0.7182664
452682292;41.15364;-8.611063;-0.1502914;0.7182665
452682295;41.15351;-8.611027;-0.1502908;0.7182643
452682297;41.1535;-8.610057;-0.1502738;0.7182642
452682300;41.1535;-8.609982;-0.1502725;0.7182642
452682304;41.15432;-8.610054;-0.1502738;0.7182783
455341194;41.15662;-8.621297;-0.15047;0.7183185
473240004;41.15871;-8.607038;-0.1502212;0.718355
473240005;41.15924;-8.6071;-0.1502222;0.7183642
473873457;41.15901;-8.609057;-0.1502564;0.7183602
473873458;41.15876;-8.609324;-0.150261;0.718356
473873459;41.15848;-8.609311;-0.1502608;0.718351
473873460;41.15809;-8.609406;-0.1502625;0.7183442
473873461;41.15789;-8.60944;-0.1502631;0.7183407
473873462;41.15775;-8.609495;-0.150264;0.7183383
473873463;41.15762;-8.609593;-0.1502658;0.7183359
473873464;41.15756;-8.609732;-0.1502682;0.718335
473873465;41.15748;-8.609967;-0.1502723;0.7183336
473874237;41.15758;-8.613656;-0.1503367;0.7183352
473874239;41.15769;-8.614063;-0.1503438;0.7183372
473874242;41.15796;-8.61408;-0.1503441;0.7183419
473877733;41.15764;-8.613982;-0.1503423;0.7183363
473877734;41.15807;-8.613791;-0.150339;0.7183439
473877735;41.15837;-8.61369;-0.1503373;0.718349
473877736;41.15875;-8.613706;-0.1503375;0.7183558
473877737;41.15896;-8.613656;-0.1503367;0.7183594
473878705;41.15816;-8.613416;-0.1503325;0.7183453
473878708;41.15849;-8.613324;-0.1503309;0.7183512
473879871;41.15865;-8.612082;-0.1503092;0.718354
473879878;41.15872;-8.612345;-0.1503138;0.7183552
473879884;41.15906;-8.613197;-0.1503287;0.7183611
473879887;41.1586;-8.613306;-0.1503305;0.718353
473880555;41.15893;-8.612823;-0.1503221;0.7183588
473882628;41.15889;-8.613226;-0.1503292;0.7183581
473882633;41.15877;-8.612877;-0.1503231;0.7183561
474541483;41.16069;-8.621166;-0.1504677;0.7183896
474541486;41.16069;-8.620958;-0.1504641;0.7183895
474541498;41.16061;-8.619907;-0.1504458;0.7183883
474541500;41.16055;-8.619547;-0.1504395;0.7183872
474541501;41.1605;-8.61927;-0.1504346;0.7183863
474541502;41.1604;-8.619082;-0.1504314;0.7183846
474541503;41.16031;-8.618919;-0.1504285;0.7183829
474541505;41.16019;-8.61869;-0.1504245;0.7183809
474541506;41.16013;-8.618414;-0.1504197;0.7183799
474541511;41.16003;-8.618188;-0.1504157;0.7183781
474541515;41.15993;-8.618026;-0.1504129;0.7183764
474541520;41.15954;-8.617942;-0.1504115;0.7183695
474541522;41.1594;-8.617829;-0.1504095;0.7183672
474541524;41.15909;-8.617279;-0.1503999;0.7183617
474541529;41.15902;-8.617103;-0.1503968;0.7183605
474543238;41.15989;-8.617177;-0.1503981;0.7183757
474544816;41.15741;-8.617485;-0.1504035;0.7183323
474544818;41.1577;-8.617078;-0.1503964;0.7183374
474544821;41.15796;-8.616943;-0.150394;0.7183419
474544824;41.15825;-8.616899;-0.1503932;0.718347
474544829;41.15852;-8.616846;-0.1503923;0.7183517
474544834;41.15895;-8.617036;-0.1503956;0.7183593
474546968;41.15924;-8.617146;-0.1503976;0.7183642
474546970;41.15955;-8.617159;-0.1503978;0.7183696
474546975;41.16015;-8.61716;-0.1503978;0.7183802
474676238;41.16142;-8.612998;-0.1503252;0.7184023
474676241;41.16126;-8.61307;-0.1503264;0.7183995
474676242;41.16105;-8.613114;-0.1503272;0.7183958
474676243;41.16089;-8.613119;-0.1503273;0.718393
474676244;41.16067;-8.613068;-0.1503264;0.7183892
474676245;41.16053;-8.613042;-0.1503259;0.7183867
474676246;41.16026;-8.613037;-0.1503258;0.7183821
474676247;41.1601;-8.613128;-0.1503274;0.7183793
474676248;41.15998;-8.613222;-0.1503291;0.7183772
474676249;41.15981;-8.613428;-0.1503327;0.7183741
474676250;41.1596;-8.613677;-0.150337;0.7183706
474676251;41.15936;-8.613935;-0.1503415;0.7183664
474677888;41.15919;-8.614038;-0.1503433;0.7183634
474677891;41.15907;-8.614047;-0.1503435;0.7183612
474677896;41.1589;-8.614115;-0.1503447;0.7183583
474677899;41.15845;-8.614223;-0.1503466;0.7183504
474677900;41.15825;-8.614271;-0.1503474;0.718347
474677902;41.15801;-8.614289;-0.1503477;0.7183428
474677907;41.15772;-8.614269;-0.1503474;0.7183377
474677911;41.15754;-8.614246;-0.150347;0.7183346
474677914;41.15704;-8.614094;-0.1503443;0.7183259
474677917;41.15701;-8.614035;-0.1503433;0.7183253
474677919;41.15688;-8.613737;-0.1503381;0.7183231
474677934;41.15667;-8.613197;-0.1503287;0.7183194
474681706;41.15927;-8.614395;-0.1503496;0.7183647
474681707;41.15926;-8.614634;-0.1503537;0.7183646
474681709;41.15929;-8.614795;-0.1503565;0.7183651
474681711;41.15928;-8.614869;-0.1503578;0.718365
474681715;41.15915;-8.615129;-0.1503624;0.7183626
474681718;41.15914;-8.615247;-0.1503644;0.7183625
474681720;41.15919;-8.615564;-0.15037;0.7183633
474681722;41.15924;-8.615799;-0.1503741;0.7183644
474681724;41.15939;-8.616053;-0.1503785;0.7183668
474681726;41.15985;-8.616311;-0.150383;0.718375
474681732;41.16017;-8.616307;-0.1503829;0.7183805
474681734;41.1605;-8.616185;-0.1503808;0.7183862
474681737;41.16072;-8.616029;-0.1503781;0.71839
474681738;41.16093;-8.615907;-0.1503759;0.7183938
474682647;41.16135;-8.615788;-0.1503739;0.7184011
474683172;41.16189;-8.615675;-0.1503719;0.7184105
475049092;41.15797;-8.62242;-0.1504896;0.7183422
475050311;41.15582;-8.62261;-0.1504929;0.7183046
475052386;41.15281;-8.622931;-0.1504985;0.7182521
475064049;41.15607;-8.621538;-0.1504742;0.7183089
475064050;41.15597;-8.621416;-0.1504721;0.7183072
475064052;41.15577;-8.621158;-0.1504676;0.7183037
475064054;41.15567;-8.621027;-0.1504653;0.718302
475066897;41.15613;-8.62142;-0.1504722;0.7183099
475073403;41.157;-8.618016;-0.1504128;0.7183251
475073406;41.1572;-8.617753;-0.1504082;0.7183286
475073423;41.15715;-8.617583;-0.1504052;0.7183277
475073428;41.15672;-8.616076;-0.1503789;0.7183203
475352082;41.15628;-8.617874;-0.1504103;0.7183127
475352084;41.15638;-8.617891;-0.1504106;0.7183144
475352085;41.15675;-8.618032;-0.150413;0.7183207
475352608;41.1569;-8.618103;-0.1504143;0.7183235
475353910;41.15687;-8.61396;-0.150342;0.7183229
475354369;41.15657;-8.614183;-0.1503459;0.7183176
475354371;41.15694;-8.615078;-0.1503615;0.7183242
475354599;41.15723;-8.61489;-0.1503582;0.7183293
475354600;41.15704;-8.614398;-0.1503496;0.7183259
475354682;41.15674;-8.614611;-0.1503533;0.7183207
475360039;41.15754;-8.621644;-0.1504761;0.7183346
475360041;41.15727;-8.62112;-0.1504669;0.7183299
475360043;41.15717;-8.620957;-0.1504641;0.7183282
475360045;41.15707;-8.62084;-0.150462;0.7183264
475360047;41.15697;-8.620786;-0.1504611;0.7183247
475360049;41.15683;-8.620763;-0.1504607;0.7183221
475392099;41.15664;-8.612527;-0.150317;0.7183189
475392102;41.15677;-8.612506;-0.1503166;0.7183211
475394841;41.1576;-8.612388;-0.1503145;0.7183356
475394859;41.1568;-8.611897;-0.150306;0.7183216
475394863;41.15676;-8.612035;-0.1503084;0.7183211
475394871;41.15696;-8.6127;-0.15032;0.7183245
475396372;41.15574;-8.61193;-0.1503065;0.7183032
475396373;41.15572;-8.611599;-0.1503008;0.7183029
475396375;41.15586;-8.610868;-0.150288;0.7183053
475405130;41.15182;-8.60666;-0.1502146;0.7182348
475405131;41.15124;-8.606972;-0.15022;0.7182246
475405136;41.1516;-8.607182;-0.1502237;0.718231
475406849;41.14977;-8.611247;-0.1502946;0.718199
475406851;41.14976;-8.611112;-0.1502922;0.7181988
475406852;41.14977;-8.610429;-0.1502803;0.7181989
475406853;41.14965;-8.610216;-0.1502766;0.7181969
501225708;41.15402;-8.607772;-0.150234;0.7182731
501225713;41.15401;-8.607446;-0.1502283;0.7182729
501225717;41.15423;-8.607144;-0.150223;0.7182768
501225720;41.15444;-8.60673;-0.1502158;0.7182804
501225723;41.15453;-8.606606;-0.1502136;0.718282
501225739;41.1557;-8.605351;-0.1501917;0.7183025
501225743;41.15574;-8.60538;-0.1501922;0.7183032
501225746;41.15578;-8.60549;-0.1501941;0.7183038
501225749;41.15575;-8.605552;-0.1501952;0.7183033
501225754;41.15522;-8.605893;-0.1502012;0.718294
501225766;41.15531;-8.606641;-0.1502142;0.7182956
501225783;41.15633;-8.606342;-0.150209;0.7183135
501225787;41.15675;-8.606117;-0.1502051;0.7183207
501225800;41.15535;-8.606974;-0.15022;0.7182963
501225803;41.15583;-8.606899;-0.1502187;0.7183047
501225807;41.15623;-8.606837;-0.1502177;0.7183117
501225811;41.15651;-8.606793;-0.1502169;0.7183166
501225889;41.15665;-8.60463;-0.1501791;0.718319
501225920;41.15644;-8.604794;-0.150182;0.7183155
501252447;41.1557;-8.609969;-0.1502723;0.7183025
501252453;41.15581;-8.609809;-0.1502695;0.7183043
501252465;41.15583;-8.609728;-0.1502681;0.7183047
501252472;41.15581;-8.609249;-0.1502597;0.7183044
501252476;41.15569;-8.608856;-0.1502529;0.7183024
501252495;41.15556;-8.608633;-0.150249;0.7183
501252500;41.15554;-8.608423;-0.1502453;0.7182996
501252536;41.15567;-8.607678;-0.1502323;0.7183019
501252542;41.15579;-8.608203;-0.1502415;0.718304
501252546;41.15632;-8.608042;-0.1502387;0.7183133
501252551;41.15636;-8.608206;-0.1502415;0.7183141
501252596;41.1559;-8.60835;-0.150244;0.718306
501252601;41.156;-8.608685;-0.1502499;0.7183077
501252606;41.15602;-8.608825;-0.1502523;0.7183082
501252622;41.15625;-8.60873;-0.1502507;0.7183121
513920936;41.15809;-8.601626;-0.1501267;0.7183442
513920937;41.15753;-8.59892;-0.1500795;0.7183344
513920950;41.15792;-8.600751;-0.1501114;0.7183412
513921171;41.15766;-8.601789;-0.1501295;0.7183366
513921184;41.15753;-8.601331;-0.1501215;0.7183344
513921193;41.15734;-8.600966;-0.1501152;0.718331
513921201;41.15719;-8.600718;-0.1501108;0.7183285
513921213;41.15696;-8.600397;-0.1501053;0.7183244
513921229;41.15707;-8.600553;-0.150108;0.7183263
513921231;41.15781;-8.600262;-0.1501029;0.7183393
747467609;41.14998;-8.613142;-0.1503277;0.7182026
747467615;41.15048;-8.611148;-0.1502929;0.7182114
747467619;41.15003;-8.612991;-0.1503251;0.7182035
747478280;41.15005;-8.611097;-0.150292;0.7182038
747478309;41.14988;-8.611205;-0.1502939;0.7182009
958308578;41.15096;-8.610826;-0.1502873;0.7182196
958309720;41.1503;-8.610343;-0.1502788;0.7182082
974882842;41.15269;-8.615797;-0.150374;0.7182499
974882854;41.15259;-8.616917;-0.1503936;0.7182482
1105966159;41.15033;-8.610877;-0.1502881;0.7182087
1106006327;41.15027;-8.612099;-0.1503095;0.7182077
1107381202;41.1561;-8.606418;-0.1502103;0.7183094
1110690935;41.15532;-8.605619;-0.1501964;0.7182959
1110691349;41.15579;-8.609086;-0.1502569;0.718304
1110698243;41.15357;-8.608047;-0.1502388;0.7182654
1110698245;41.15415;-8.609875;-0.1502707;0.7182754
1110698247;41.15375;-8.613106;-0.1503271;0.7182685
1110698250;41.15364;-8.611843;-0.150305;0.7182665
1110698254;41.15419;-8.610002;-0.1502729;0.7182762
1110698255;41.15358;-8.611148;-0.1502929;0.7182655
1110698256;41.15353;-8.604851;-0.150183;0.7182646
1110698257;41.15363;-8.61341;-0.1503324;0.7182664
1110698259;41.15361;-8.6113;-0.1502955;0.718266
1110698260;41.15358;-8.611451;-0.1502982;0.7182655
1110698261;41.15343;-8.604814;-0.1501823;0.7182629
1110698263;41.152;-8.609983;-0.1502726;0.7182379
1110698264;41.15382;-8.613324;-0.1503309;0.7182697
1110698265;41.15347;-8.608032;-0.1502385;0.7182635
1110698267;41.15347;-8.604756;-0.1501813;0.7182636
1110698268;41.15376;-8.612129;-0.15031;0.7182685
1110698269;41.15363;-8.61214;-0.1503102;0.7182662
1110698271;41.15345;-8.607883;-0.1502359;0.7182632
1110698272;41.1536;-8.608175;-0.150241;0.7182659
1110698273;41.15382;-8.612041;-0.1503085;0.7182697
1110698276;41.15374;-8.61222;-0.1503116;0.7182682
1110698277;41.1535;-8.608219;-0.1502418;0.7182642
1110698278;41.15366;-8.611945;-0.1503068;0.7182668
1110698280;41.15354;-8.611261;-0.1502949;0.7182648
1110698281;41.15365;-8.613043;-0.150326;0.7182667
1110698283;41.15353;-8.608456;-0.1502459;0.7182646
1110698285;41.15349;-8.60863;-0.1502489;0.7182639
1110698289;41.15369;-8.613203;-0.1503288;0.7182673
1110698292;41.15363;-8.611461;-0.1502983;0.7182664
1110698297;41.15375;-8.612701;-0.15032;0.7182684
1110698299;41.15372;-8.612007;-0.1503079;0.7182679
1111353957;41.16002;-8.62112;-0.1504669;0.7183778
1143317949;41.15681;-8.61851;-0.1504214;0.7183219
1209593455;41.14771;-8.62046;-0.1504554;0.7181631
1209593469;41.14767;-8.620367;-0.1504538;0.7181624
1209790922;41.1502;-8.609395;-0.1502623;0.7182064
1209790928;41.15567;-8.610025;-0.1502733;0.718302
1216789880;41.15891;-8.621306;-0.1504702;0.7183584
1216789882;41.15911;-8.613848;-0.15034;0.718362
1216789883;41.15903;-8.61198;-0.1503074;0.7183607
1216789889;41.15921;-8.622996;-0.1504997;0.7183638
1216789894;41.15955;-8.61185;-0.1503051;0.7183697
1278184335;41.14993;-8.606378;-0.1502096;0.7182017
1278184346;41.14914;-8.609488;-0.1502639;0.718188
1278184350;41.14853;-8.607087;-0.150222;0.7181773
1293997458;41.15934;-8.613442;-0.1503329;0.7183661
1293997461;41.15931;-8.61349;-0.1503338;0.7183655
1293997462;41.15947;-8.613362;-0.1503315;0.7183683
1293997463;41.15936;-8.613379;-0.1503318;0.7183663
1386051842;41.14826;-8.614397;-0.1503496;0.7181726
1386051845;41.14827;-8.612989;-0.150325;0.7181728
1386063691;41.14771;-8.620144;-0.1504499;0.718163
1416641674;41.15792;-8.622315;-0.1504878;0.7183412
1417675671;41.15687;-8.622774;-0.1504958;0.7183229
1417693657;41.15581;-8.620972;-0.1504643;0.7183044
1417693658;41.15588;-8.620839;-0.150462;0.7183056
1419645367;41.15472;-8.620312;-0.1504528;0.7182854
1419645369;41.15474;-8.620464;-0.1504555;0.7182857
1419645371;41.15474;-8.620103;-0.1504492;0.7182856
1419645372;41.15481;-8.620605;-0.1504579;0.718287
1419645373;41.15483;-8.620956;-0.1504641;0.7182873
1419645374;41.15483;-8.619997;-0.1504473;0.7182873
1419645375;41.15493;-8.620546;-0.1504569;0.718289
1419645377;41.15501;-8.619847;-0.1504447;0.7182904
1419645378;41.15532;-8.619565;-0.1504398;0.7182959
1422567181;41.15496;-8.620474;-0.1504557;0.7182895
1422610102;41.15665;-8.612796;-0.1503216;0.718319
1422610104;41.15681;-8.612757;-0.150321;0.7183218
1422610108;41.15714;-8.612631;-0.1503188;0.7183276
1422610110;41.15718;-8.612763;-0.1503211;0.7183284
1422611542;41.153;-8.606385;-0.1502098;0.7182553
1422611556;41.15552;-8.610462;-0.1502809;0.7182993
1422611558;41.15582;-8.610693;-0.1502849;0.7183045
1676280555;41.14942;-8.611213;-0.150294;0.7181929
1676280580;41.15042;-8.610337;-0.1502787;0.7182104
1676280584;41.15076;-8.609918;-0.1502714;0.7182162
1676280585;41.15082;-8.610886;-0.1502883;0.7182173
1676280588;41.15188;-8.609861;-0.1502704;0.7182359
1684844618;41.14874;-8.615372;-0.1503666;0.718181
1684844801;41.14971;-8.610348;-0.1502789;0.7181979
1684844808;41.14983;-8.611008;-0.1502904;0.7182
1684844811;41.14986;-8.611495;-0.1502989;0.7182005
1684844816;41.14994;-8.611424;-0.1502977;0.718202
1684844825;41.15049;-8.610851;-0.1502877;0.7182115
1684865551;41.1525;-8.620785;-0.1504611;0.7182467
1684865554;41.15303;-8.61831;-0.1504179;0.7182559
1684865555;41.15334;-8.621042;-0.1504656;0.7182614
1788785841;41.15083;-8.609961;-0.1502722;0.7182174
1788786020;41.15182;-8.616377;-0.1503841;0.7182348
1788786041;41.15187;-8.615677;-0.1503719;0.7182357
1788786062;41.15197;-8.616399;-0.1503845;0.7182373
1788786080;41.15202;-8.615699;-0.1503723;0.7182382
1788786086;41.15203;-8.616764;-0.1503909;0.7182384
1788786094;41.15204;-8.616815;-0.1503918;0.7182387
1788786097;41.15206;-8.61641;-0.1503847;0.7182389
1788786107;41.15207;-8.616844;-0.1503923;0.7182391
1788786109;41.1521;-8.61571;-0.1503725;0.7182395
1788786128;41.15211;-8.615781;-0.1503737;0.7182398
1788786143;41.15213;-8.615742;-0.1503731;0.7182401
1788786155;41.15216;-8.615726;-0.1503728;0.7182407
1788786281;41.15246;-8.6169;-0.1503933;0.7182459
1788786305;41.15255;-8.61578;-0.1503737;0.7182475
1788787030;41.15494;-8.613301;-0.1503305;0.7182892
1788787039;41.15503;-8.613315;-0.1503307;0.7182908
1788787052;41.15508;-8.61318;-0.1503284;0.7182916
1788787056;41.15503;-8.612006;-0.1503079;0.7182907
1788787061;41.15511;-8.612946;-0.1503243;0.7182921
1788787075;41.15519;-8.61321;-0.1503289;0.7182935
1788787081;41.15532;-8.613537;-0.1503346;0.7182959
1788787104;41.15538;-8.613423;-0.1503326;0.7182968
1788787115;41.15551;-8.613307;-0.1503306;0.7182991
1788787124;41.15517;-8.609255;-0.1502598;0.7182933
1788787195;41.15588;-8.6057;-0.1501978;0.7183056
1788787223;41.15602;-8.617698;-0.1504072;0.718308
1788787242;41.15611;-8.617784;-0.1504087;0.7183097
1788787260;41.15625;-8.613791;-0.150339;0.7183121
1788787262;41.15631;-8.613948;-0.1503417;0.7183132
1788787287;41.15638;-8.6141;-0.1503444;0.7183143
1788787299;41.15644;-8.61365;-0.1503366;0.7183153
1788787319;41.1565;-8.613816;-0.1503395;0.7183164
1788787340;41.15656;-8.613968;-0.1503421;0.7183174
1788787593;41.15709;-8.60924;-0.1502596;0.7183268
1788787713;41.15748;-8.614721;-0.1503552;0.7183335
1829027319;41.15561;-8.610118;-0.1502749;0.7183009
1829027320;41.15557;-8.610204;-0.1502764;0.7183002
1829027321;41.15553;-8.610312;-0.1502783;0.7182994
1829027322;41.15551;-8.610399;-0.1502798;0.7182991
1887601111;41.15885;-8.609189;-0.1502587;0.7183575
1887601114;41.15525;-8.606253;-0.1502074;0.7182946
1887601117;41.15862;-8.609364;-0.1502617;0.7183534
1887601133;41.1558;-8.606046;-0.1502038;0.7183043
1887601134;41.15354;-8.605438;-0.1501932;0.7182648
1887601140;41.15825;-8.609324;-0.1502611;0.718347
2086430189;41.15441;-8.609346;-0.1502614;0.71828
2086430190;41.15455;-8.608407;-0.150245;0.7182825
2086430191;41.15435;-8.608467;-0.1502461;0.718279
2086430192;41.15441;-8.608858;-0.1502529;0.7182799
2086430193;41.15462;-8.608852;-0.1502528;0.7182837
2086430194;41.15446;-8.609464;-0.1502635;0.7182808
2202026261;41.15633;-8.607738;-0.1502334;0.7183135
2204099938;41.1501;-8.607181;-0.1502236;0.7182047
2204100015;41.1521;-8.60605;-0.1502039;0.7182396
2213493593;41.15429;-8.612027;-0.1503082;0.7182779
2242804359;41.15159;-8.609569;-0.1502653;0.7182307
2242805402;41.1506;-8.610244;-0.1502771;0.7182136
2246054719;41.14818;-8.612148;-0.1503103;0.7181712
2246086928;41.14825;-8.61215;-0.1503104;0.7181724
2246088571;41.1483;-8.612989;-0.150325;0.7181733
2250812461;41.15442;-8.612023;-0.1503082;0.7182802
2250812465;41.15444;-8.613316;-0.1503307;0.7182804
2250812484;41.15464;-8.61331;-0.1503306;0.7182839
2250812489;41.15511;-8.612593;-0.1503181;0.7182921
2250812512;41.15427;-8.613325;-0.1503309;0.7182775
2250812531;41.15457;-8.612021;-0.1503081;0.7182828
2250873401;41.1553;-8.618872;-0.1504277;0.7182955
2250873409;41.15543;-8.618795;-0.1504264;0.7182977
2250873413;41.15536;-8.618853;-0.1504274;0.7182966
2250873416;41.15599;-8.61804;-0.1504132;0.7183076
2261413154;41.14972;-8.611246;-0.1502946;0.7181981
2261413157;41.14957;-8.610239;-0.150277;0.7181954
2269685583;41.15107;-8.600311;-0.1501037;0.7182217
2352569141;41.14711;-8.60387;-0.1501659;0.7181525
2352571062;41.14734;-8.603892;-0.1501662;0.7181565
2352603829;41.14876;-8.607862;-0.1502355;0.7181814
2364998422;41.14999;-8.611334;-0.1502961;0.7182028
2365172845;41.14986;-8.611277;-0.1502951;0.7182006
2365172868;41.1498;-8.611297;-0.1502955;0.7181996
2365191001;41.14981;-8.611264;-0.1502949;0.7181996
2365191003;41.1498;-8.611279;-0.1502952;0.7181996
2365191005;41.14983;-8.611227;-0.1502943;0.7182
2365191010;41.14981;-8.611252;-0.1502947;0.7181997
2365191012;41.14983;-8.61126;-0.1502948;0.7182001
2365195076;41.14967;-8.610345;-0.1502789;0.7181972
2365195083;41.1498;-8.611095;-0.150292;0.7181994
2365195094;41.14975;-8.610377;-0.1502794;0.7181985
2365195106;41.14982;-8.611054;-0.1502912;0.7181999
2365622607;41.15001;-8.60982;-0.1502697;0.7182032
2365622614;41.15023;-8.609964;-0.1502722;0.7182071
2365622626;41.15018;-8.609755;-0.1502686;0.7182062
2365622629;41.15021;-8.609761;-0.1502687;0.7182066
2365622638;41.15025;-8.609955;-0.1502721;0.7182074
2365622672;41.15;-8.609848;-0.1502702;0.718203
2365622678;41.15023;-8.609776;-0.1502689;0.718207
2365622708;41.15034;-8.609957;-0.1502721;0.718209
2365622712;41.15015;-8.609749;-0.1502685;0.7182057
2365622716;41.15027;-8.609827;-0.1502698;0.7182077
2365622719;41.15004;-8.609791;-0.1502692;0.7182036
2365622739;41.15021;-8.609964;-0.1502722;0.7182067
2365622750;41.15011;-8.609504;-0.1502642;0.7182049
2365622756;41.1503;-8.609918;-0.1502714;0.7182081
2365622764;41.15028;-8.609921;-0.1502715;0.7182079
2365622770;41.15028;-8.60991;-0.1502713;0.7182078
2365622781;41.15015;-8.609918;-0.1502714;0.7182056
2365622784;41.15025;-8.609798;-0.1502693;0.7182074
2365622790;41.15034;-8.609941;-0.1502718;0.7182088
2365622793;41.14999;-8.609892;-0.150271;0.7182028
2365622802;41.15031;-8.609921;-0.1502715;0.7182085
2365622809;41.15027;-8.609934;-0.1502717;0.7182077
2365622818;41.15016;-8.609937;-0.1502717;0.7182058
2365622826;41.15033;-8.609928;-0.1502716;0.7182087
2365622831;41.15015;-8.609893;-0.150271;0.7182056
2365622834;41.15018;-8.609951;-0.150272;0.718206
2365622840;41.15028;-8.609879;-0.1502707;0.7182079
2365622846;41.15005;-8.609774;-0.1502689;0.718204
2365622849;41.15028;-8.609855;-0.1502703;0.7182078
2365622854;41.15008;-8.609763;-0.1502687;0.7182043
2365622860;41.15011;-8.609755;-0.1502686;0.7182049
2366079052;41.14973;-8.610207;-0.1502765;0.7181983
2366083036;41.15019;-8.60943;-0.1502629;0.7182063
2366083037;41.15023;-8.609477;-0.1502637;0.7182069
2366098060;41.14938;-8.609517;-0.1502644;0.7181921
2366154016;41.14947;-8.609518;-0.1502644;0.7181938
2366154047;41.14982;-8.609494;-0.150264;0.7181999
2367470972;41.14884;-8.607824;-0.1502349;0.7181827
2375816260;41.15021;-8.609447;-0.1502632;0.7182067
2378113687;41.14983;-8.612984;-0.1503249;0.7182
2378113695;41.1489;-8.612988;-0.150325;0.7181837
2378186481;41.1501;-8.612802;-0.1503218;0.7182048
2378366854;41.14833;-8.614381;-0.1503493;0.7181739
2379077831;41.14856;-8.614332;-0.1503485;0.7181778
2379077834;41.14869;-8.614312;-0.1503481;0.7181802
2379279844;41.14984;-8.61481;-0.1503568;0.7182002
2379315789;41.14893;-8.615113;-0.1503621;0.7181843
2379351709;41.14966;-8.614841;-0.1503574;0.7181971
2379351710;41.14934;-8.614931;-0.1503589;0.7181915
2379376386;41.14903;-8.615024;-0.1503605;0.718186
2397184730;41.15692;-8.61383;-0.1503397;0.7183238
2397188706;41.1571;-8.615089;-0.1503617;0.7183269
2397188707;41.15706;-8.615288;-0.1503651;0.7183262
2397188708;41.15696;-8.615723;-0.1503727;0.7183245
2397188709;41.15755;-8.614697;-0.1503548;0.7183348
2397188710;41.15683;-8.616476;-0.1503859;0.7183222
2397188711;41.15597;-8.617433;-0.1504026;0.7183071
2397188712;41.15763;-8.614258;-0.1503472;0.7183362
2397188714;41.15759;-8.614542;-0.1503521;0.7183354
2397188715;41.15704;-8.615564;-0.15037;0.7183259
2397188716;41.15739;-8.615129;-0.1503624;0.7183321
2397188717;41.15701;-8.615634;-0.1503712;0.7183253
2397188718;41.15724;-8.615073;-0.1503614;0.7183294
2397188719;41.15712;-8.615335;-0.150366;0.7183273
2397188720;41.1569;-8.615843;-0.1503748;0.7183234
2397188721;41.15693;-8.615816;-0.1503744;0.718324
2397188722;41.15747;-8.614936;-0.150359;0.7183334
2397188723;41.15708;-8.614985;-0.1503599;0.7183266
2397188726;41.15725;-8.614971;-0.1503596;0.7183296
2397188727;41.15701;-8.615467;-0.1503683;0.7183253
2397188728;41.15714;-8.615457;-0.1503681;0.7183276
2397188730;41.15732;-8.615274;-0.1503649;0.7183308
2397188731;41.15724;-8.615376;-0.1503667;0.7183294
2397188734;41.15705;-8.615489;-0.1503686;0.7183261
2397460873;41.15814;-8.614073;-0.1503439;0.718345
2397460874;41.15866;-8.613933;-0.1503415;0.7183542
2413971706;41.14993;-8.618559;-0.1504222;0.7182018
2413971717;41.14955;-8.618476;-0.1504208;0.7181951
2413971718;41.14995;-8.618591;-0.1504228;0.7182022
2413971719;41.14992;-8.618551;-0.1504221;0.7182016
2413971728;41.14994;-8.618572;-0.1504225;0.718202
2414401915;41.14871;-8.620685;-0.1504593;0.7181804
2415701439;41.14767;-8.620319;-0.150453;0.7181622
2415701440;41.14767;-8.620259;-0.1504519;0.7181624
2415701442;41.14768;-8.62021;-0.150451;0.7181625
2415701443;41.14769;-8.620416;-0.1504546;0.7181627
2415701444;41.14774;-8.620484;-0.1504558;0.7181635
2464461320;41.15064;-8.609524;-0.1502645;0.7182142
2692624395;41.15269;-8.615726;-0.1503728;0.71825
2725095084;41.15132;-8.615036;-0.1503607;0.7182261
2725095085;41.15135;-8.614999;-0.1503601;0.7182265
2725095086;41.15133;-8.614837;-0.1503573;0.7182263
2725095087;41.1512;-8.614845;-0.1503574;0.7182239
2725095088;41.15123;-8.615045;-0.1503609;0.7182245
2725095089;41.15128;-8.61505;-0.150361;0.7182253
2725098084;41.15141;-8.61531;-0.1503655;0.7182276
2749809974;41.15392;-8.614236;-0.1503468;0.7182714
2749809975;41.15371;-8.614286;-0.1503477;0.7182678
2749809976;41.15369;-8.614289;-0.1503477;0.7182673
2749809977;41.15368;-8.614269;-0.1503474;0.7182673
2749809978;41.15368;-8.614244;-0.1503469;0.7182673
2749809979;41.15372;-8.614197;-0.1503461;0.718268
2749809980;41.1543;-8.614016;-0.1503429;0.7182781
2749809981;41.15369;-8.614213;-0.1503464;0.7182674
2829209600;41.15192;-8.604057;-0.1501691;0.7182364
2829209701;41.15193;-8.603505;-0.1501595;0.7182366
2829209747;41.1497;-8.605398;-0.1501925;0.7181977
2829209748;41.15042;-8.605064;-0.1501867;0.7182103
2829209749;41.15095;-8.604809;-0.1501822;0.7182196
2848303615;41.15049;-8.618731;-0.1504252;0.7182115
2848303616;41.15025;-8.618721;-0.1504251;0.7182073
2848303622;41.15009;-8.618718;-0.150425;0.7182045
2848371499;41.15071;-8.618233;-0.1504165;0.7182154
2848372007;41.15134;-8.618598;-0.1504229;0.7182264
2848372017;41.15102;-8.6184;-0.1504194;0.7182207
2848372034;41.15126;-8.618548;-0.1504221;0.718225
2849744849;41.15043;-8.615006;-0.1503602;0.7182105
2849744862;41.15033;-8.615352;-0.1503662;0.7182088
2849912276;41.15137;-8.614893;-0.1503582;0.7182269
2849912277;41.15116;-8.614882;-0.1503581;0.7182232
2849912279;41.15135;-8.614842;-0.1503574;0.7182266
2849912282;41.15117;-8.614853;-0.1503575;0.7182234
2849912283;41.1513;-8.615222;-0.150364;0.7182257
2849912284;41.15132;-8.61524;-0.1503643;0.7182261
2849912287;41.15128;-8.615196;-0.1503635;0.7182253
2849912288;41.15125;-8.61509;-0.1503617;0.7182247
2849912289;41.15131;-8.615083;-0.1503616;0.7182259
2849912295;41.15136;-8.614866;-0.1503578;0.7182268
2849912300;41.1512;-8.615028;-0.1503606;0.7182239
2849915301;41.15131;-8.615138;-0.1503625;0.7182259
2849915312;41.15132;-8.615188;-0.1503634;0.7182261
2852022741;41.15092;-8.614713;-0.1503551;0.7182191
2852022742;41.15148;-8.614678;-0.1503545;0.7182288
2852022743;41.15113;-8.615268;-0.1503648;0.7182227
2852022744;41.15151;-8.614721;-0.1503552;0.7182294
2852022745;41.15102;-8.614714;-0.1503551;0.7182208
2852022746;41.15152;-8.614658;-0.1503541;0.7182296
2852022747;41.15144;-8.614668;-0.1503543;0.718228
2852022748;41.15098;-8.614861;-0.1503577;0.7182201
2852022749;41.15132;-8.615376;-0.1503667;0.7182261
2852022750;41.15155;-8.614605;-0.1503532;0.7182301
2852022751;41.15152;-8.614797;-0.1503566;0.7182295
2852022752;41.15152;-8.614754;-0.1503558;0.7182295
2852022753;41.1515;-8.614663;-0.1503542;0.7182291
2852022754;41.15099;-8.614805;-0.1503567;0.7182202
2852022755;41.15099;-8.61477;-0.1503561;0.7182204
2852022756;41.15101;-8.614738;-0.1503555;0.7182206
2852022757;41.15121;-8.615335;-0.1503659;0.7182241
2852022758;41.15143;-8.615252;-0.1503645;0.7182279
2852022759;41.15117;-8.61531;-0.1503655;0.7182234
2852022760;41.15145;-8.614668;-0.1503543;0.7182283
2852022761;41.15105;-8.6147;-0.1503549;0.7182212
2852022762;41.1515;-8.614697;-0.1503548;0.7182291
2852022763;41.15154;-8.614639;-0.1503538;0.7182299
2852022764;41.15126;-8.615361;-0.1503664;0.7182251
2875005868;41.1503;-8.613097;-0.1503269;0.7182081
2875151185;41.15031;-8.612967;-0.1503246;0.7182084
2875262073;41.14998;-8.613079;-0.1503266;0.7182026
2875262080;41.15007;-8.612912;-0.1503237;0.7182043
2884777646;41.15148;-8.615345;-0.1503661;0.7182288
2884777647;41.15157;-8.61561;-0.1503708;0.7182304
2884777651;41.15161;-8.616218;-0.1503814;0.7182311
2884777653;41.15155;-8.615724;-0.1503727;0.7182299
2884777654;41.15142;-8.615726;-0.1503728;0.7182277
2884777656;41.15137;-8.615633;-0.1503712;0.7182269
2884777660;41.15137;-8.615599;-0.1503706;0.7182269
2884777661;41.15163;-8.616197;-0.150381;0.7182314
2884777662;41.15156;-8.616201;-0.1503811;0.7182302
2884777664;41.15137;-8.615669;-0.1503718;0.7182269
2884777666;41.15155;-8.615656;-0.1503716;0.7182299
2884777667;41.15142;-8.61535;-0.1503662;0.7182277
2884777671;41.15166;-8.615624;-0.150371;0.7182319
2884777673;41.15164;-8.615611;-0.1503708;0.7182316
2884777675;41.15139;-8.615477;-0.1503684;0.7182273
2884777676;41.15159;-8.616219;-0.1503814;0.7182307
2884777678;41.15146;-8.615726;-0.1503728;0.7182285
2884777680;41.15139;-8.615705;-0.1503724;0.7182273
2884777681;41.15166;-8.615653;-0.1503715;0.718232
2884777684;41.15155;-8.615629;-0.1503711;0.7182301
2884825964;41.15229;-8.615673;-0.1503719;0.718243
2884825970;41.15229;-8.61565;-0.1503715;0.7182429
2884825971;41.15178;-8.615387;-0.1503669;0.7182341
2884825975;41.15229;-8.615741;-0.150373;0.7182429
2884825976;41.15159;-8.615385;-0.1503668;0.7182308
2884825977;41.15155;-8.61537;-0.1503666;0.7182301
2884825978;41.15176;-8.615441;-0.1503678;0.7182338
2884825979;41.15179;-8.615379;-0.1503667;0.7182342
2884825983;41.15176;-8.615442;-0.1503678;0.7182336
2884825987;41.15179;-8.615378;-0.1503667;0.7182343
2884825989;41.15177;-8.615435;-0.1503677;0.7182338
2884840234;41.15269;-8.615706;-0.1503724;0.71825
2884840235;41.15244;-8.615658;-0.1503716;0.7182456
2884965105;41.15264;-8.61579;-0.1503739;0.718249
2884965107;41.15254;-8.616912;-0.1503935;0.7182474
2893310955;41.15061;-8.610867;-0.150288;0.7182136
2893310956;41.15052;-8.611007;-0.1502904;0.718212
2893310957;41.15055;-8.61093;-0.1502891;0.7182127
2893310958;41.15053;-8.610963;-0.1502897;0.7182122
2893310959;41.15057;-8.6109;-0.1502886;0.718213
2893389981;41.1498;-8.612104;-0.1503096;0.7181996
2896384667;41.15074;-8.610883;-0.1502883;0.7182159
2896384668;41.15073;-8.611051;-0.1502912;0.7182156
2896384685;41.15111;-8.61071;-0.1502852;0.7182223
2896384686;41.15116;-8.610815;-0.1502871;0.7182232
2896394650;41.15341;-8.61115;-0.1502929;0.7182625
2896394657;41.15352;-8.611149;-0.1502929;0.7182644
2896407785;41.15032;-8.610413;-0.15028;0.7182086
2896411045;41.15039;-8.610858;-0.1502878;0.7182097
2896411046;41.15035;-8.610784;-0.1502865;0.7182091
2896411047;41.15031;-8.610443;-0.1502806;0.7182085
2896411049;41.1503;-8.610535;-0.1502822;0.7182082
2896411050;41.15033;-8.610352;-0.150279;0.7182088
2896411051;41.15032;-8.610699;-0.1502851;0.7182086
2896727653;41.15195;-8.610089;-0.1502744;0.718237
2904248177;41.15102;-8.609674;-0.1502672;0.7182207
2904248178;41.15099;-8.609698;-0.1502676;0.7182202
2904248179;41.15116;-8.609509;-0.1502643;0.7182233
2904248180;41.15115;-8.609496;-0.1502641;0.7182231
2904248181;41.15096;-8.60971;-0.1502678;0.7182196
2904248183;41.15095;-8.609654;-0.1502668;0.7182195
2904248185;41.15098;-8.609708;-0.1502678;0.7182201
2904248187;41.15113;-8.609444;-0.1502631;0.7182227
2904248189;41.15072;-8.609535;-0.1502647;0.7182155
2904248190;41.15116;-8.609539;-0.1502648;0.7182233
2904248192;41.15073;-8.609591;-0.1502657;0.7182156
2904248195;41.15116;-8.609552;-0.150265;0.7182232
2904248196;41.15097;-8.609665;-0.150267;0.7182199
2904250601;41.15117;-8.609525;-0.1502645;0.7182233
2904250602;41.15093;-8.6097;-0.1502676;0.7182193
2904250603;41.15099;-8.609672;-0.1502671;0.7182202
2904498647;41.1514;-8.609535;-0.1502647;0.7182274
2904498649;41.15121;-8.609373;-0.1502619;0.718224
2904508475;41.15172;-8.609779;-0.150269;0.718233
2904508476;41.1518;-8.609955;-0.1502721;0.7182344
2904508477;41.15183;-8.610016;-0.1502731;0.7182349
2904530067;41.15071;-8.609839;-0.15027;0.7182154
2904530087;41.15052;-8.610303;-0.1502781;0.7182121
2904532298;41.1509;-8.610866;-0.150288;0.7182187
2904549004;41.15137;-8.609561;-0.1502652;0.7182269
2904549005;41.15143;-8.609571;-0.1502654;0.718228
2904549006;41.15141;-8.609563;-0.1502652;0.7182276
2904549007;41.1516;-8.609783;-0.1502691;0.7182308
2904549008;41.15134;-8.610442;-0.1502806;0.7182264
2904549009;41.15149;-8.609609;-0.150266;0.7182289
2904549010;41.15137;-8.610506;-0.1502817;0.718227
2912153172;41.1532;-8.609986;-0.1502726;0.7182589
2912153173;41.15203;-8.610076;-0.1502742;0.7182385
2912153175;41.15193;-8.60992;-0.1502714;0.7182367
2912153176;41.15319;-8.610055;-0.1502738;0.7182587
2912153177;41.15208;-8.610016;-0.1502731;0.7182394
2912181001;41.15347;-8.60901;-0.1502556;0.7182635
2912181002;41.15349;-8.609036;-0.150256;0.7182639
2912181003;41.15339;-8.609005;-0.1502555;0.7182621
2912181005;41.1535;-8.609059;-0.1502564;0.718264
2912181006;41.15346;-8.609005;-0.1502555;0.7182633
2912181007;41.15348;-8.60902;-0.1502558;0.7182637
2912182795;41.15345;-8.608644;-0.1502492;0.7182633
2912182796;41.15349;-8.608581;-0.1502481;0.7182639
2912182797;41.15348;-8.608606;-0.1502485;0.7182638
2912182798;41.15347;-8.608622;-0.1502488;0.7182636
2912182799;41.15347;-8.608635;-0.150249;0.7182634
2912182800;41.15339;-8.608643;-0.1502492;0.7182621
2912188486;41.1526;-8.608074;-0.1502392;0.7182484
2912188490;41.15258;-8.608122;-0.1502401;0.718248
2912188492;41.1526;-8.6081;-0.1502397;0.7182483
2912188495;41.1526;-8.608023;-0.1502383;0.7182484
2912188496;41.15252;-8.608143;-0.1502404;0.718247
2914696271;41.15232;-8.610828;-0.1502873;0.7182435
2914696272;41.1523;-8.610879;-0.1502882;0.7182431
2914696273;41.1523;-8.61086;-0.1502879;0.7182431
2914696276;41.1523;-8.610848;-0.1502877;0.7182432
2914925354;41.14998;-8.621027;-0.1504653;0.7182026
2914925360;41.15;-8.621262;-0.1504694;0.7182029
2914925362;41.14993;-8.621735;-0.1504777;0.7182018
2914925365;41.14996;-8.6212;-0.1504683;0.7182022
2914925366;41.14999;-8.620948;-0.1504639;0.7182028
2925076564;41.15144;-8.607906;-0.1502363;0.7182281
2925076566;41.15144;-8.60789;-0.150236;0.718228
2925076569;41.15151;-8.607912;-0.1502364;0.7182293
2925076574;41.15154;-8.607893;-0.1502361;0.7182298
2925076575;41.15147;-8.607928;-0.1502367;0.7182286
2925076587;41.15141;-8.607798;-0.1502344;0.7182276
2925076588;41.15149;-8.607925;-0.1502366;0.7182289
2925076608;41.15145;-8.60792;-0.1502365;0.7182283
2926953947;41.14951;-8.604582;-0.1501783;0.7181944
2926953948;41.14952;-8.604612;-0.1501788;0.7181945
2934507843;41.15098;-8.606543;-0.1502125;0.7182201
2934507844;41.15096;-8.606688;-0.150215;0.7182196
2934507845;41.15097;-8.606598;-0.1502135;0.71822
2934507846;41.15097;-8.606643;-0.1502143;0.7182199
2937870609;41.15104;-8.608534;-0.1502473;0.7182212
2937870610;41.15219;-8.608196;-0.1502414;0.7182412
2937881611;41.1515;-8.606833;-0.1502176;0.7182292
2937881612;41.15158;-8.607089;-0.150222;0.7182305
2937881613;41.15154;-8.606936;-0.1502194;0.7182298
2939566885;41.15306;-8.606345;-0.1502091;0.7182564
2939566888;41.15334;-8.606627;-0.150214;0.7182614
2939566889;41.15309;-8.606337;-0.1502089;0.7182569
2939566891;41.15303;-8.606356;-0.1502092;0.7182559
2939566892;41.15312;-8.606335;-0.1502089;0.7182574
2939568407;41.15319;-8.606374;-0.1502096;0.7182587
2939568408;41.15323;-8.606414;-0.1502103;0.7182594
2939568411;41.15338;-8.606706;-0.1502154;0.718262
2939568414;41.15345;-8.60689;-0.1502186;0.7182632
2939568418;41.15316;-8.606345;-0.1502091;0.7182581
2939568421;41.15327;-8.606464;-0.1502111;0.71826
2939568422;41.15331;-8.606541;-0.1502125;0.7182606
2939568423;41.15341;-8.606782;-0.1502167;0.7182625
2939688589;41.15231;-8.606904;-0.1502188;0.7182434
2939688590;41.15246;-8.606816;-0.1502173;0.718246
2939688591;41.15236;-8.606883;-0.1502184;0.7182441
2939688592;41.15247;-8.60649;-0.1502116;0.718246
2939688593;41.15241;-8.606853;-0.1502179;0.7182451
2939688594;41.15251;-8.606856;-0.150218;0.7182468
2939688595;41.15245;-8.606672;-0.1502148;0.7182457
2939688596;41.15247;-8.606774;-0.1502165;0.7182462
2939688597;41.15248;-8.60685;-0.1502179;0.7182463
2939688599;41.15245;-8.606593;-0.1502134;0.7182458
2939688600;41.15245;-8.60685;-0.1502179;0.7182458
2939690201;41.15244;-8.606832;-0.1502175;0.7182456
2939690202;41.15245;-8.606623;-0.1502139;0.7182457
2939690204;41.15247;-8.606803;-0.1502171;0.7182461
2939690205;41.15253;-8.606868;-0.1502182;0.7182472
2940931372;41.15229;-8.606818;-0.1502173;0.718243
2940931378;41.15234;-8.606739;-0.1502159;0.7182438
2940944679;41.15326;-8.60537;-0.150192;0.7182599
2940944686;41.15334;-8.605306;-0.1501909;0.7182612
2940944687;41.15321;-8.605405;-0.1501926;0.718259
2940944695;41.15334;-8.605369;-0.150192;0.7182614
2940944903;41.1534;-8.605249;-0.1501899;0.7182623
2940944907;41.15344;-8.605178;-0.1501887;0.718263
2940956814;41.15337;-8.606394;-0.1502099;0.7182617
2941001644;41.15308;-8.606168;-0.150206;0.7182568
2941001650;41.1534;-8.606537;-0.1502124;0.7182623
2975180445;41.15103;-8.607115;-0.1502225;0.7182209
2976736379;41.1504;-8.605074;-0.1501869;0.71821
2978059160;41.14953;-8.604685;-0.1501801;0.7181948
2978059161;41.14954;-8.604716;-0.1501806;0.718195
3092699099;41.15348;-8.606359;-0.1502093;0.7182638
3092699108;41.15135;-8.615373;-0.1503666;0.7182265
3092699110;41.15356;-8.604778;-0.1501817;0.7182651
3092699111;41.15342;-8.606393;-0.1502099;0.7182627
3092699113;41.15344;-8.605368;-0.150192;0.718263
3103762792;41.15952;-8.616195;-0.150381;0.7183692
3103762794;41.15886;-8.616995;-0.1503949;0.7183576
3103770912;41.15927;-8.614552;-0.1503523;0.7183647
3103787350;41.15971;-8.614669;-0.1503543;0.7183725
3121467180;41.16057;-8.616136;-0.1503799;0.7183874
3130311627;41.14999;-8.611138;-0.1502927;0.7182028
3130311628;41.15077;-8.610099;-0.1502746;0.7182164
3130312329;41.15044;-8.610847;-0.1502876;0.7182108
3130312330;41.15186;-8.610097;-0.1502745;0.7182354
3130312340;41.1499;-8.610236;-0.150277;0.7182013
3130312342;41.15193;-8.610272;-0.1502776;0.7182366
3140319385;41.1576;-8.614464;-0.1503507;0.7183356
3140361000;41.15763;-8.618076;-0.1504138;0.7183362
3140361001;41.15769;-8.618067;-0.1504136;0.7183372
3140361002;41.15779;-8.617874;-0.1504103;0.7183389
3140361003;41.15766;-8.617492;-0.1504036;0.7183366
3147163296;41.16057;-8.61305;-0.1503261;0.7183875
3147589758;41.15717;-8.617786;-0.1504087;0.7183281
3147589759;41.15734;-8.61843;-0.15042;0.718331
3147589760;41.1572;-8.618357;-0.1504187;0.7183286
3147589761;41.15702;-8.618207;-0.1504161;0.7183256
3147589762;41.15722;-8.617956;-0.1504117;0.7183289
3148917487;41.15782;-8.604574;-0.1501781;0.7183394
3148917488;41.15784;-8.60412;-0.1501702;0.7183399
3148917489;41.15792;-8.604051;-0.150169;0.7183413
3148917490;41.15795;-8.603445;-0.1501585;0.7183418
3148917491;41.15782;-8.604479;-0.1501765;0.7183395
3148938210;41.15577;-8.616264;-0.1503822;0.7183037
3148938211;41.15622;-8.616135;-0.1503799;0.7183115
3148938212;41.15625;-8.616209;-0.1503812;0.718312
3148938213;41.15644;-8.61631;-0.150383;0.7183155
3148938214;41.15583;-8.616249;-0.1503819;0.7183047
3148938215;41.15679;-8.616336;-0.1503834;0.7183215
3148938216;41.15676;-8.615939;-0.1503765;0.718321
3148938217;41.15657;-8.615291;-0.1503652;0.7183176
3148938218;41.15651;-8.615258;-0.1503646;0.7183167
3148938219;41.15636;-8.61534;-0.1503661;0.7183141
3148938220;41.15631;-8.61561;-0.1503708;0.7183132
3148938221;41.15641;-8.616053;-0.1503785;0.7183148
3148938222;41.15651;-8.616213;-0.1503813;0.7183167
3148938223;41.15667;-8.616063;-0.1503787;0.7183194
3148938224;41.15675;-8.616161;-0.1503804;0.7183207
3149449339;41.16035;-8.616239;-0.1503817;0.7183837
3149497574;41.16087;-8.615946;-0.1503766;0.7183926
3151894353;41.15803;-8.616876;-0.1503928;0.7183431
3151894354;41.15794;-8.616406;-0.1503847;0.7183415
3151894358;41.15773;-8.617006;-0.1503951;0.7183379
3151894359;41.15764;-8.61661;-0.1503882;0.7183363
3151894360;41.15771;-8.616936;-0.1503939;0.7183377
3151895461;41.15736;-8.617078;-0.1503964;0.7183315
3151895462;41.15823;-8.616816;-0.1503918;0.7183467
3151895463;41.15814;-8.616388;-0.1503844;0.7183451
3151895464;41.15815;-8.616358;-0.1503838;0.7183453
3151895465;41.15809;-8.616061;-0.1503786;0.7183442
3151895466;41.158;-8.616088;-0.1503791;0.7183427
3152670753;41.15773;-8.618009;-0.1504126;0.718338
3152793551;41.15905;-8.617318;-0.1504006;0.718361
3152793555;41.15876;-8.617455;-0.1504029;0.7183558
3152794979;41.15895;-8.617383;-0.1504017;0.7183593
3152794980;41.15847;-8.617545;-0.1504045;0.7183508
3152794981;41.15821;-8.617548;-0.1504046;0.7183464
3152794982;41.1582;-8.617427;-0.1504025;0.7183462
3152805766;41.15919;-8.620187;-0.1504506;0.7183633
3152805767;41.15913;-8.62013;-0.1504496;0.7183624
3152805768;41.15923;-8.619925;-0.1504461;0.7183641
3152805769;41.15925;-8.619649;-0.1504413;0.7183645
3152805770;41.15935;-8.619662;-0.1504415;0.7183662
3152805771;41.1594;-8.619612;-0.1504406;0.7183672
3152805772;41.15945;-8.619613;-0.1504406;0.718368
3152805773;41.15947;-8.619242;-0.1504342;0.7183683
3152805774;41.15939;-8.619239;-0.1504341;0.7183669
3152805775;41.15931;-8.619972;-0.1504469;0.7183654
3152805776;41.15932;-8.61991;-0.1504458;0.7183657
3152805777;41.15934;-8.61966;-0.1504415;0.7183659
3152805778;41.15931;-8.619943;-0.1504464;0.7183656
3153341344;41.15813;-8.619786;-0.1504437;0.718345
3153341345;41.15813;-8.619702;-0.1504422;0.7183449
3153341346;41.15813;-8.619609;-0.1504406;0.7183449
3153341347;41.15812;-8.619009;-0.1504301;0.7183446
3153341348;41.15816;-8.619025;-0.1504304;0.7183454
3153341349;41.15899;-8.619303;-0.1504352;0.7183599
3153341350;41.15902;-8.619322;-0.1504356;0.7183604
3153341351;41.15903;-8.619365;-0.1504363;0.7183607
3153341352;41.15902;-8.619788;-0.1504437;0.7183605
3153341353;41.159;-8.61983;-0.1504444;0.7183601
3153341354;41.15897;-8.619863;-0.150445;0.7183596
3153341355;41.15893;-8.619876;-0.1504452;0.7183588
3153341356;41.15877;-8.619866;-0.150445;0.7183561
3153341357;41.15872;-8.619843;-0.1504447;0.7183551
3153341358;41.15873;-8.619749;-0.150443;0.7183553
3153341359;41.1587;-8.619733;-0.1504427;0.7183549
3153341360;41.15827;-8.619674;-0.1504417;0.7183473
3153342961;41.15811;-8.618527;-0.1504217;0.7183446
3153342962;41.15811;-8.618969;-0.1504294;0.7183446
3153342963;41.15844;-8.61912;-0.150432;0.7183504
3153342964;41.15844;-8.619316;-0.1504354;0.7183503
3153342965;41.15887;-8.619263;-0.1504345;0.7183578
3153342966;41.15887;-8.619471;-0.1504381;0.7183577
3153342968;41.15862;-8.619179;-0.150433;0.7183534
3153361319;41.15809;-8.619656;-0.1504414;0.7183442
3387597859;41.15036;-8.610807;-0.1502869;0.7182093
3388020769;41.14603;-8.612208;-0.1503114;0.7181337
3388020773;41.14609;-8.612206;-0.1503114;0.7181348
3391599123;41.14999;-8.620981;-0.1504645;0.7182028
3392711344;41.14979;-8.618525;-0.1504216;0.7181993
3392711347;41.14993;-8.618556;-0.1504222;0.7182018
3392711352;41.15073;-8.610947;-0.1502894;0.7182158
3392711353;41.15113;-8.610762;-0.1502861;0.7182228
3392711354;41.15134;-8.615287;-0.1503651;0.7182263
3392711355;41.15134;-8.615301;-0.1503654;0.7182264
3392711356;41.15139;-8.615466;-0.1503682;0.7182273
3392711357;41.15147;-8.615341;-0.1503661;0.7182287
3392711359;41.15229;-8.615706;-0.1503724;0.718243
3392711360;41.15231;-8.610839;-0.1502875;0.7182434
3392711361;41.15246;-8.616848;-0.1503924;0.718246
3392711362;41.1525;-8.616349;-0.1503837;0.7182467
3392711363;41.15343;-8.61115;-0.1502929;0.7182628
3392939462;41.14916;-8.609491;-0.150264;0.7181883
3392939463;41.1492;-8.609497;-0.1502641;0.7181891
3392939468;41.14973;-8.605385;-0.1501923;0.7181982
3392939469;41.14974;-8.605379;-0.1501922;0.7181984
3392939470;41.1501;-8.609434;-0.150263;0.7182047
3392939471;41.1501;-8.609474;-0.1502637;0.7182048
3392939472;41.1502;-8.609443;-0.1502631;0.7182065
3392939473;41.15025;-8.609533;-0.1502647;0.7182074
3392939476;41.15052;-8.61007;-0.1502741;0.7182121
3392939478;41.15058;-8.610195;-0.1502763;0.7182131
3392939480;41.15067;-8.609642;-0.1502666;0.7182146
3392939481;41.15068;-8.609529;-0.1502646;0.7182149
3392939482;41.15069;-8.609562;-0.1502652;0.718215
3392939483;41.1507;-8.609532;-0.1502647;0.7182152
3392939484;41.15071;-8.609577;-0.1502655;0.7182154
3392939485;41.15109;-8.608511;-0.1502469;0.718222
3392939488;41.15131;-8.609457;-0.1502634;0.7182258
3392939489;41.15135;-8.610461;-0.1502809;0.7182266
3392939490;41.15136;-8.609503;-0.1502642;0.7182267
3392939491;41.15144;-8.609578;-0.1502655;0.7182282
3392939993;41.15235;-8.606887;-0.1502185;0.718244
3392939997;41.15341;-8.608643;-0.1502492;0.7182625
3392939998;41.15341;-8.609005;-0.1502555;0.7182625
3392939999;41.15345;-8.606386;-0.1502098;0.7182633
3396198845;41.15804;-8.616931;-0.1503938;0.7183433
3396198846;41.15813;-8.619653;-0.1504413;0.7183449
3446686441;41.15305;-8.618318;-0.150418;0.7182563
3446686442;41.15303;-8.618169;-0.1504154;0.7182559
3446686443;41.15294;-8.618266;-0.1504171;0.7182542
3446686444;41.15319;-8.617414;-0.1504023;0.7182587
3446686445;41.15308;-8.617432;-0.1504026;0.7182567
3446686446;41.15314;-8.617627;-0.150406;0.7182579
3446686447;41.15301;-8.617568;-0.1504049;0.7182555
3566326292;41.15107;-8.600466;-0.1501064;0.7182217
3688362333;41.15022;-8.604257;-0.1501726;0.7182069
3688669531;41.1499;-8.603483;-0.1501591;0.7182013
3688669542;41.14993;-8.60349;-0.1501592;0.7182017
3688675379;41.1499;-8.603411;-0.1501578;0.7182013
3688675380;41.14997;-8.603406;-0.1501578;0.7182025
3688675382;41.14948;-8.603265;-0.1501553;0.7181939
3688675383;41.14951;-8.603273;-0.1501554;0.7181945
3688675384;41.14993;-8.603436;-0.1501583;0.7182018
3688675385;41.14991;-8.60343;-0.1501582;0.7182014
3688675386;41.14994;-8.603423;-0.1501581;0.7182019
3688675387;41.14989;-8.60338;-0.1501573;0.718201
3688730540;41.14943;-8.604209;-0.1501718;0.7181929
3688730541;41.14937;-8.604007;-0.1501682;0.718192
3690516791;41.15022;-8.604187;-0.1501714;0.7182069
3690624523;41.15125;-8.605929;-0.1502018;0.7182248
3690624524;41.15147;-8.605988;-0.1502028;0.7182286
3690626625;41.15139;-8.605712;-0.150198;0.7182273
3690626626;41.15123;-8.605775;-0.1501991;0.7182244
3690626627;41.15131;-8.606017;-0.1502033;0.7182259
3690626628;41.15142;-8.605816;-0.1501998;0.7182279
3690626629;41.15146;-8.605872;-0.1502008;0.7182285
3690626630;41.15125;-8.605875;-0.1502009;0.7182247
3690626631;41.15126;-8.605773;-0.1501991;0.7182251
3690626632;41.15112;-8.605782;-0.1501992;0.7182225
3690626633;41.15102;-8.605782;-0.1501992;0.7182208
3690626634;41.15118;-8.605778;-0.1501992;0.7182236
3690626635;41.15144;-8.605733;-0.1501984;0.7182281
3690626636;41.15147;-8.605786;-0.1501993;0.7182287
3690626637;41.15137;-8.605776;-0.1501991;0.718227
3690626638;41.15134;-8.605712;-0.150198;0.7182264
3690626639;41.15126;-8.605969;-0.1502025;0.7182251
3690626640;41.15138;-8.606044;-0.1502038;0.718227
3690626641;41.15132;-8.605765;-0.1501989;0.718226
3690626642;41.15134;-8.606047;-0.1502039;0.7182264
3690626643;41.15144;-8.606012;-0.1502033;0.718228
3690626644;41.15148;-8.605931;-0.1502018;0.7182288
3690626645;41.15097;-8.605782;-0.1501992;0.7182199
3690626646;41.15126;-8.605746;-0.1501986;0.7182249
3690631033;41.15183;-8.606074;-0.1502043;0.7182349
3690631035;41.15186;-8.606188;-0.1502063;0.7182355
3690635855;41.15062;-8.60882;-0.1502523;0.7182138
3694518900;41.15007;-8.60944;-0.1502631;0.7182043
3694518901;41.15007;-8.609374;-0.1502619;0.7182042
3694660029;41.15201;-8.606908;-0.1502189;0.7182381
3694660030;41.15203;-8.606995;-0.1502204;0.7182384
3694747849;41.15197;-8.605488;-0.1501941;0.7182373
3694747850;41.15201;-8.605467;-0.1501937;0.7182381
3694908966;41.15252;-8.604798;-0.1501821;0.7182469
3695776123;41.15097;-8.606219;-0.1502069;0.71822
3695776124;41.15083;-8.606268;-0.1502077;0.7182174
3695777925;41.15092;-8.606243;-0.1502073;0.718219
3695777926;41.15196;-8.606712;-0.1502155;0.7182372
3695777927;41.15065;-8.606322;-0.1502087;0.7182144
3695780372;41.15171;-8.606632;-0.1502141;0.7182329
3695780373;41.15174;-8.606704;-0.1502153;0.7182333
3695780374;41.15167;-8.606605;-0.1502136;0.7182322
3695911150;41.14986;-8.606132;-0.1502053;0.7182006
3696119699;41.15055;-8.606447;-0.1502108;0.7182127
3696119700;41.15056;-8.606479;-0.1502114;0.7182128
3696119701;41.15068;-8.606868;-0.1502182;0.7182149
3696119703;41.15065;-8.606768;-0.1502164;0.7182143
3697722647;41.1493;-8.604094;-0.1501698;0.7181908
3698101866;41.14832;-8.603997;-0.1501681;0.7181736
3698158383;41.14878;-8.604045;-0.1501689;0.7181817
3896080931;41.15022;-8.613008;-0.1503254;0.7182068
3896080933;41.15026;-8.613001;-0.1503252;0.7182075
3896080939;41.15074;-8.614286;-0.1503477;0.7182159
3897692092;41.15535;-8.619152;-0.1504326;0.7182963
3897692116;41.15571;-8.620869;-0.1504625;0.7183026
3897692178;41.15675;-8.617931;-0.1504113;0.7183208
3897692185;41.15686;-8.617993;-0.1504124;0.7183226
3897692212;41.15816;-8.612222;-0.1503116;0.7183453
3897692232;41.16038;-8.610069;-0.1502741;0.7183841
4077112087;41.15515;-8.602571;-0.1501432;0.7182929
4077112088;41.15516;-8.602794;-0.1501471;0.7182931
4077112090;41.15517;-8.602629;-0.1501442;0.7182933
4077112092;41.15518;-8.602736;-0.1501461;0.7182934
4241285267;41.1558;-8.601865;-0.1501309;0.7183042
4241285268;41.15591;-8.602489;-0.1501418;0.7183061
4356494320;41.15091;-8.603673;-0.1501624;0.7182188
4356494321;41.15102;-8.60215;-0.1501358;0.7182207
4356494322;41.15092;-8.602242;-0.1501374;0.7182191
4356494323;41.15094;-8.60421;-0.1501718;0.7182193
4356494324;41.14977;-8.605692;-0.1501977;0.7181989
4356494325;41.14919;-8.603117;-0.1501527;0.7181888
4356494326;41.151;-8.604258;-0.1501726;0.7182205
4356494327;41.15021;-8.607672;-0.1502322;0.7182067
4356494329;41.15013;-8.60731;-0.1502259;0.7182053
4356494330;41.15095;-8.603765;-0.150164;0.7182196
4356494331;41.14998;-8.60724;-0.1502247;0.7182027
4356494332;41.14862;-8.607043;-0.1502212;0.7181789
4356494333;41.14928;-8.603197;-0.1501541;0.7181904
4356494334;41.151;-8.602376;-0.1501398;0.7182205
4356494335;41.15201;-8.6061;-0.1502048;0.7182381
4356494336;41.15007;-8.60704;-0.1502212;0.7182042
4356495990;41.15213;-8.606168;-0.150206;0.7182401
4356495991;41.15224;-8.606904;-0.1502188;0.718242
4356495992;41.15207;-8.60594;-0.150202;0.7182392
4356495993;41.15219;-8.605998;-0.150203;0.7182412
4452315911;41.14876;-8.600945;-0.1501148;0.7181814
4452315932;41.15779;-8.600193;-0.1501017;0.718339
4452315937;41.15967;-8.603781;-0.1501643;0.7183718
4488733038;41.15885;-8.607076;-0.1502218;0.7183574
4488733039;41.15858;-8.606932;-0.1502193;0.7183527
4488733040;41.15864;-8.60699;-0.1502203;0.7183538
4488733041;41.15878;-8.607062;-0.1502216;0.7183563
4488733042;41.15688;-8.607656;-0.1502319;0.718323
4488733043;41.15638;-8.606318;-0.1502086;0.7183143
4488733044;41.15628;-8.60603;-0.1502036;0.7183127
4488733045;41.15433;-8.606963;-0.1502198;0.7182785
4488733046;41.15605;-8.608304;-0.1502433;0.7183086
4488733049;41.15561;-8.608744;-0.1502509;0.7183009
4488733050;41.15572;-8.608664;-0.1502495;0.7183029
4488733051;41.15585;-8.610807;-0.1502869;0.7183051
4488733052;41.15553;-8.610505;-0.1502817;0.7182996
4488733053;41.15796;-8.609448;-0.1502632;0.7183419
4488733054;41.15836;-8.609292;-0.1502605;0.7183488
4488733055;41.1587;-8.609365;-0.1502618;0.7183548
4488733056;41.15911;-8.609009;-0.1502555;0.7183621
4488733058;41.15684;-8.612641;-0.150319;0.7183224
4488733059;41.1568;-8.612581;-0.1503179;0.7183216
4488733060;41.1569;-8.61269;-0.1503198;0.7183234
4488733061;41.15735;-8.612497;-0.1503164;0.7183313
4488733062;41.15671;-8.613055;-0.1503262;0.7183201
4488733063;41.15493;-8.607664;-0.1502321;0.7182891
4488733064;41.15462;-8.607702;-0.1502327;0.7182837
4488733065;41.15432;-8.607739;-0.1502334;0.7182784
4488733066;41.15394;-8.607782;-0.1502341;0.7182718
4488733070;41.15505;-8.605603;-0.1501961;0.7182912
4488733071;41.15477;-8.604553;-0.1501778;0.7182863
4488733072;41.15461;-8.603124;-0.1501528;0.7182834
4488733073;41.15518;-8.602683;-0.1501451;0.7182934
4488733074;41.15554;-8.602656;-0.1501447;0.7182996
4488733075;41.15603;-8.601789;-0.1501295;0.7183082
4488733076;41.15605;-8.601893;-0.1501314;0.7183086
4488733080;41.15908;-8.606206;-0.1502066;0.7183616
4488753661;41.15132;-8.604303;-0.1501734;0.7182261
4488775694;41.15657;-8.612523;-0.1503169;0.7183176
4488775695;41.15635;-8.612505;-0.1503166;0.7183138
4488775696;41.1561;-8.612515;-0.1503167;0.7183095
4488775697;41.15646;-8.612519;-0.1503168;0.7183157
4492375934;41.15722;-8.600746;-0.1501113;0.7183289
4492375935;41.1576;-8.601531;-0.150125;0.7183356
4492375936;41.15712;-8.600644;-0.1501096;0.7183273
4526972150;41.14833;-8.612989;-0.150325;0.7181739
4529952466;41.15033;-8.607708;-0.1502329;0.7182087
4529952469;41.1502;-8.607128;-0.1502227;0.7182065
4529952474;41.14985;-8.606417;-0.1502103;0.7182003
4529952477;41.14981;-8.605873;-0.1502008;0.7181996
4529953494;41.14774;-8.603941;-0.1501671;0.7181635
4529953499;41.14758;-8.603925;-0.1501668;0.7181608
4529953529;41.1466;-8.603827;-0.1501651;0.7181436
4573825411;41.16476;-8.610982;-0.15029;0.7184607
4573825412;41.164;-8.611012;-0.1502905;0.7184473
4573825413;41.16331;-8.611073;-0.1502916;0.7184352
4573825414;41.16317;-8.611082;-0.1502917;0.7184328
4612022398;41.15609;-8.621469;-0.150473;0.7183093
4612022399;41.15603;-8.621472;-0.1504731;0.7183083
4612022400;41.156;-8.621439;-0.1504725;0.7183077
4612022401;41.15593;-8.621372;-0.1504713;0.7183065
4612022402;41.15578;-8.621064;-0.150466;0.7183039
4612022403;41.15584;-8.620911;-0.1504633;0.7183049
4612022404;41.15564;-8.620879;-0.1504627;0.7183014
4612022405;41.15611;-8.621443;-0.1504726;0.7183096
4612022450;41.15593;-8.622139;-0.1504847;0.7183065
4612022469;41.15416;-8.621019;-0.1504652;0.7182756
4612022470;41.15344;-8.621061;-0.1504659;0.718263
4612022471;41.15302;-8.620941;-0.1504638;0.7182558
4612022472;41.15319;-8.620999;-0.1504648;0.7182587
4612031730;41.1569;-8.620767;-0.1504608;0.7183234
4612031731;41.15702;-8.620809;-0.1504615;0.7183256
4612031732;41.15713;-8.620899;-0.1504631;0.7183274
4685354796;41.15869;-8.607557;-0.1502302;0.7183546
4685354797;41.15933;-8.607104;-0.1502223;0.7183658
4685354798;41.15907;-8.607086;-0.150222;0.7183612
4685354799;41.15893;-8.607081;-0.1502219;0.7183588
4685354800;41.15946;-8.607096;-0.1502222;0.7183681
4685354803;41.15558;-8.60869;-0.15025;0.7183003
4685354804;41.15574;-8.608966;-0.1502548;0.7183032
4685354805;41.15577;-8.609026;-0.1502558;0.7183037
4685354806;41.15577;-8.605522;-0.1501947;0.7183037
4685392185;41.15342;-8.606625;-0.1502139;0.7182627
4685392186;41.15342;-8.606694;-0.1502151;0.7182627
4685392187;41.15341;-8.606581;-0.1502132;0.7182626
4685392188;41.15335;-8.606436;-0.1502106;0.7182614
4685392589;41.15339;-8.606399;-0.15021;0.7182622
4685392590;41.15346;-8.606647;-0.1502143;0.7182633
4685392591;41.15345;-8.606449;-0.1502109;0.7182633
4685392592;41.15345;-8.607398;-0.1502274;0.7182631
4685392593;41.15344;-8.606965;-0.1502199;0.7182631
4685392594;41.15345;-8.607685;-0.1502324;0.7182631
4685392595;41.15345;-8.607819;-0.1502348;0.7182632
4685392596;41.15345;-8.607928;-0.1502367;0.7182633
4685392597;41.15351;-8.611086;-0.1502918;0.7182643
4685392598;41.15358;-8.611211;-0.150294;0.7182654
4685392599;41.15358;-8.61138;-0.1502969;0.7182655
4685392600;41.15359;-8.611532;-0.1502996;0.7182656
4685392601;41.15366;-8.613132;-0.1503275;0.7182669
4685392602;41.15372;-8.613252;-0.1503296;0.7182679
4685392603;41.15365;-8.613089;-0.1503268;0.7182667
4685392604;41.15368;-8.613165;-0.1503281;0.7182671
4685392605;41.15379;-8.613308;-0.1503306;0.7182691
4685392606;41.15387;-8.613333;-0.150331;0.7182705
4685392607;41.15499;-8.613274;-0.15033;0.7182902
4685392608;41.15502;-8.613254;-0.1503296;0.7182906
4685392609;41.15505;-8.613226;-0.1503292;0.7182912
4685392610;41.15509;-8.613141;-0.1503277;0.7182918
4685392611;41.15529;-8.613385;-0.1503319;0.7182953
4685392612;41.15521;-8.613258;-0.1503297;0.718294
4685392613;41.15517;-8.61317;-0.1503282;0.7182932
4685392614;41.15514;-8.613101;-0.150327;0.7182927
4685392615;41.15535;-8.613468;-0.1503334;0.7182963
4685392616;41.15541;-8.613379;-0.1503318;0.7182974
4685392617;41.15588;-8.613245;-0.1503295;0.7183057
4685392618;41.15667;-8.613077;-0.1503266;0.7183194
4685392619;41.15765;-8.612376;-0.1503143;0.7183365
4685392620;41.15772;-8.612381;-0.1503144;0.7183378
4685392621;41.15747;-8.612441;-0.1503154;0.7183334
4685392622;41.15741;-8.612467;-0.1503159;0.7183324
4685392623;41.16119;-8.611471;-0.1502985;0.7183983
4685392624;41.16158;-8.611388;-0.1502971;0.7184051
4703910290;41.16066;-8.620676;-0.1504592;0.718389
4703910291;41.16064;-8.62045;-0.1504552;0.7183886
4703910292;41.16063;-8.620221;-0.1504512;0.7183885
4703910295;41.16047;-8.619192;-0.1504333;0.7183857
4708512440;41.15369;-8.611986;-0.1503075;0.7182673
4708512441;41.15378;-8.612077;-0.1503091;0.718269
4708512442;41.1538;-8.612055;-0.1503087;0.7182694
4708512443;41.15509;-8.612103;-0.1503095;0.7182918
4708512444;41.15514;-8.611996;-0.1503077;0.7182927
4708512445;41.15519;-8.611973;-0.1503073;0.7182935
4708512446;41.15506;-8.612045;-0.1503085;0.7182913
4708512447;41.15509;-8.612179;-0.1503109;0.7182919
4708512448;41.1551;-8.61307;-0.1503264;0.7182919
4708512449;41.15374;-8.612176;-0.1503108;0.7182683
4708512450;41.15377;-8.612099;-0.1503095;0.7182688
4708512451;41.15376;-8.612031;-0.1503083;0.7182686
4708512452;41.15367;-8.611967;-0.1503072;0.7182671
4708512453;41.15364;-8.6119;-0.150306;0.7182666
4708512454;41.15364;-8.61187;-0.1503055;0.7182665
4716543451;41.15159;-8.614319;-0.1503482;0.7182308
4720971830;41.14891;-8.601705;-0.1501281;0.7181841
4737122503;41.15887;-8.621952;-0.1504814;0.7183578
4737122504;41.15886;-8.621826;-0.1504793;0.7183577
4749945321;41.15894;-8.622345;-0.1504883;0.7183589
4749945322;41.1593;-8.623122;-0.1505019;0.7183653
4749945324;41.15904;-8.62265;-0.1504936;0.7183607
4749945325;41.15915;-8.622895;-0.1504979;0.7183627
4749945326;41.15888;-8.621509;-0.1504737;0.7183579
4749945327;41.15894;-8.621155;-0.1504675;0.718359
4749945328;41.1591;-8.620665;-0.150459;0.7183618
4749945333;41.15946;-8.617885;-0.1504105;0.7183681
4749945336;41.15945;-8.616128;-0.1503798;0.7183679
4749945337;41.15931;-8.615936;-0.1503765;0.7183655
4749945338;41.15867;-8.614169;-0.1503456;0.7183543
4749945339;41.15836;-8.614252;-0.1503471;0.7183488
4749945340;41.15899;-8.611708;-0.1503026;0.7183599
4749945342;41.15815;-8.612227;-0.1503117;0.7183452
